#declare leafSet=union{object{ petiole_ matrix <-0.370349,0.031898,0.928345,0.928218,0.050807,0.368553,-0.035410,0.998199,-0.048424,1.514700,-1.768430,0.613589>}
object{ petiole_ matrix <0.763170,0.612750,0.205206,0.121034,-0.447483,0.886064,0.634762,-0.651380,-0.415669,1.581039,-1.761676,0.704309>}
object{ petiole_ matrix <0.353280,-0.801482,0.482514,0.472898,0.598019,0.647102,-0.807193,-0.000428,0.590287,1.647377,-1.754921,0.795029>}
object{ petiole_ matrix <-0.181985,0.675448,0.714599,0.792188,-0.329807,0.513483,0.582511,0.659543,-0.475062,1.713716,-1.748167,0.885749>}
object{ petiole_ matrix <0.995487,-0.068929,0.065230,-0.055530,0.134308,0.989383,-0.076958,-0.988539,0.129874,1.780054,-1.741413,0.976470>}
object{ petiole_ matrix <-0.344665,-0.428137,0.835407,0.828675,0.279336,0.485045,-0.441025,0.859459,0.258509,1.846393,-1.734659,1.067190>}
object{ petiole_ matrix <0.474732,0.866991,0.151515,0.419444,-0.374209,0.827064,0.773755,-0.329082,-0.541303,1.912731,-1.727904,1.157910>}
object{ petiole_ matrix <0.595526,-0.756254,0.270977,0.325464,0.535522,0.779288,-0.734454,-0.375893,0.565051,1.979070,-1.721150,1.248630>}
object{ petiole_ matrix <0.741818,0.015512,0.670422,0.669538,0.039160,-0.741745,-0.037760,0.999113,0.018664,1.121710,-1.931500,-0.264956>}
object{ petiole_ matrix <0.171002,0.623990,-0.762492,0.943086,-0.327687,-0.056662,-0.285216,-0.709406,-0.644511,1.232680,-1.926281,-0.319808>}
object{ petiole_ matrix <0.678384,-0.698418,-0.228051,0.592567,0.703618,-0.392155,0.434349,0.130896,0.891183,1.343650,-1.921063,-0.374659>}
object{ petiole_ matrix <0.568628,0.801064,0.186971,0.714082,-0.367866,-0.595619,-0.408349,0.472198,-0.781204,1.454620,-1.915844,-0.429511>}
object{ petiole_ matrix <0.296974,-0.244720,-0.922994,0.934351,0.273851,0.228020,0.196962,-0.930117,0.309981,1.565590,-1.910626,-0.484362>}
object{ petiole_ matrix <0.908480,-0.214506,0.358681,0.404627,0.236640,-0.883334,0.104602,0.947623,0.301778,1.676560,-1.905407,-0.539214>}
object{ petiole_ matrix <0.114895,0.792606,-0.598812,0.927555,-0.301376,-0.220939,-0.355585,-0.530046,-0.769812,1.787530,-1.900189,-0.594065>}
object{ petiole_ matrix <0.605677,-0.618491,-0.500623,0.664919,0.738989,-0.108528,0.437078,-0.267141,0.858835,1.898500,-1.894970,-0.648917>}
object{ petiole_ matrix <0.936759,0.180036,0.300116,0.273897,0.156676,-0.948911,-0.217859,0.971102,0.097456,1.558550,-1.473520,0.604284>}
object{ petiole_ matrix <-0.005446,0.621729,-0.783214,0.997744,-0.049031,-0.045860,-0.066914,-0.781696,-0.620059,1.666019,-1.444586,0.556210>}
object{ petiole_ matrix <0.849964,-0.505394,-0.148792,0.413288,0.814773,-0.406618,0.326734,0.284117,0.901400,1.773487,-1.415651,0.508135>}
object{ petiole_ matrix <0.327836,0.916631,0.228717,0.824981,-0.159792,-0.542101,-0.460359,0.366407,-0.808589,1.880956,-1.386717,0.460061>}
object{ petiole_ matrix <0.283012,-0.282318,-0.916625,0.873979,0.469552,0.125224,0.395050,-0.836551,0.379629,1.988424,-1.357783,0.411986>}
object{ petiole_ matrix <0.941986,-0.060644,0.330129,0.327029,0.387331,-0.861990,-0.075594,0.919944,0.384693,2.095893,-1.328849,0.363912>}
object{ petiole_ matrix <-0.092372,0.879822,-0.466241,0.963783,-0.038646,-0.263873,-0.250180,-0.473729,-0.844388,2.203361,-1.299914,0.315837>}
object{ petiole_ matrix <0.497258,-0.725827,-0.475300,0.741249,0.640110,-0.202013,0.450871,-0.251863,0.856318,2.310830,-1.270980,0.267763>}
object{ petiole_ matrix <0.958112,0.062358,-0.279524,-0.284147,0.084925,-0.955012,-0.035814,0.994434,0.099087,1.116780,-1.843150,-0.311542>}
object{ petiole_ matrix <-0.374633,0.579233,-0.723975,0.716701,-0.314459,-0.622459,-0.588209,-0.752067,-0.297330,1.146090,-1.834014,-0.392634>}
object{ petiole_ matrix <0.341193,-0.844383,-0.413043,0.216528,0.498193,-0.839595,0.914715,0.197028,0.352813,1.175400,-1.824879,-0.473726>}
object{ petiole_ matrix <0.529726,0.622380,-0.576224,-0.123972,-0.615263,-0.778513,-0.839060,0.483834,-0.248763,1.204710,-1.815743,-0.554818>}
object{ petiole_ matrix <-0.365328,-0.197639,-0.909656,0.842189,0.346109,-0.413431,0.396550,-0.917141,0.040006,1.234020,-1.806607,-0.635910>}
object{ petiole_ matrix <0.894747,-0.084943,-0.438420,-0.410094,0.232341,-0.881953,0.176779,0.968918,0.173052,1.263330,-1.797471,-0.717002>}
object{ petiole_ matrix <-0.319519,0.805224,-0.499521,0.535576,-0.281414,-0.796219,-0.781707,-0.521939,-0.341342,1.292640,-1.788336,-0.798094>}
object{ petiole_ matrix <0.021394,-0.874810,-0.483993,0.355033,0.459199,-0.814302,0.934609,-0.154412,0.320410,1.321950,-1.779200,-0.879186>}
object{ petiole_ matrix <0.796325,0.390690,0.461766,-0.060298,0.810887,-0.582089,-0.601856,0.435688,0.669287,1.499730,-1.283840,0.593337>}
object{ petiole_ matrix <-0.491165,0.807212,-0.327362,0.869863,0.474278,-0.135640,0.045770,-0.351382,-0.935113,1.527544,-1.197903,0.562406>}
object{ petiole_ matrix <0.766907,0.157211,-0.622205,-0.173682,0.984194,0.034599,0.617809,0.081532,0.782090,1.555359,-1.111967,0.531476>}
object{ petiole_ matrix <0.122196,0.896542,0.425770,0.289221,0.378202,-0.879383,-0.949431,0.230599,-0.213084,1.583173,-1.026030,0.500545>}
object{ petiole_ matrix <-0.139922,0.613065,-0.777543,0.615789,0.668814,0.416522,0.775387,-0.420522,-0.471101,1.610987,-0.940093,0.469615>}
object{ petiole_ matrix <0.919519,0.382876,0.088833,-0.302262,0.833305,-0.462860,-0.251243,0.398758,0.881969,1.638801,-0.854156,0.438684>}
object{ petiole_ matrix <-0.286629,0.952653,-0.101466,0.884616,0.222510,-0.409810,-0.367829,-0.207222,-0.906510,1.666616,-0.768220,0.407754>}
object{ petiole_ matrix <0.520607,0.325171,-0.789450,-0.102452,0.941747,0.320338,0.847627,-0.085889,0.523595,1.694430,-0.682283,0.376823>}
object{ petiole_ matrix <0.860079,0.214032,0.463093,0.266779,0.585041,-0.765869,-0.434849,0.782251,0.446082,1.082730,-1.660090,-0.375227>}
object{ petiole_ matrix <-0.288586,0.748880,-0.596571,0.955414,0.184585,-0.230462,-0.062471,-0.636480,-0.768759,1.121619,-1.615723,-0.415120>}
object{ petiole_ matrix <0.748263,-0.390857,-0.536035,0.223512,0.909299,-0.351024,0.624616,0.142848,0.767756,1.160507,-1.571356,-0.455013>}
object{ petiole_ matrix <0.169808,0.909395,0.379691,0.525517,0.242372,-0.815529,-0.833665,0.338018,-0.436746,1.199396,-1.526989,-0.494906>}
object{ petiole_ matrix <-0.025042,0.059571,-0.997910,0.689661,0.723670,0.025893,0.723700,-0.687571,-0.059206,1.238284,-1.482621,-0.534800>}
object{ petiole_ matrix <0.953660,0.299181,-0.031990,-0.211113,0.589572,-0.779639,-0.214393,0.750264,0.625412,1.277173,-1.438254,-0.574693>}
object{ petiole_ matrix <-0.460874,0.849919,-0.255408,0.815782,0.292410,-0.498995,-0.349422,-0.438331,-0.828113,1.316061,-1.393887,-0.614586>}
object{ petiole_ matrix <0.403922,-0.578758,-0.708439,0.457647,0.798393,-0.391315,0.792090,-0.166154,0.587356,1.354950,-1.349520,-0.654479>}
object{ petiole_ matrix <-0.508923,0.539881,0.670467,0.585326,0.788140,-0.190339,-0.631182,0.295574,-0.717109,0.875438,-1.450940,-0.324766>}
object{ petiole_ matrix <0.156406,0.704196,-0.692564,0.130861,0.680238,0.721215,0.978986,-0.203432,0.014241,0.896631,-1.347266,-0.300688>}
object{ petiole_ matrix <0.628138,0.287831,0.722908,-0.187069,0.957679,-0.218762,-0.755280,0.002179,0.655399,0.917824,-1.243591,-0.276609>}
object{ petiole_ matrix <-0.725703,0.688003,0.002617,0.665300,0.700777,0.257464,0.175302,0.188583,-0.966284,0.939017,-1.139917,-0.252531>}
object{ petiole_ matrix <0.878480,0.279215,-0.387701,-0.122001,0.915656,0.383001,0.461940,-0.289159,0.838450,0.960211,-1.036242,-0.228453>}
object{ petiole_ matrix <-0.121496,0.465625,0.876603,0.342709,0.848514,-0.403206,-0.931552,0.251432,-0.262664,0.981404,-0.932568,-0.204375>}
object{ petiole_ matrix <-0.291788,0.781376,-0.551644,0.437992,0.621874,0.649180,0.850307,-0.052193,-0.523692,1.002597,-0.828893,-0.180296>}
object{ petiole_ matrix <0.922708,0.236365,0.304536,-0.274394,0.957567,0.088168,-0.270774,-0.164916,0.948411,1.023790,-0.725219,-0.156218>}
object{ petiole_ matrix <-0.677126,-0.095127,0.729693,-0.709976,-0.176271,-0.681809,0.193482,-0.979734,0.051820,0.873815,-0.760359,0.892266>}
object{ petiole_ matrix <-0.138898,-0.694225,-0.706229,-0.989553,0.125112,0.071635,0.038627,0.708801,-0.704350,0.769648,-0.782406,0.864367>}
object{ petiole_ matrix <-0.507683,0.861542,0.001934,-0.830531,-0.488810,-0.266989,-0.229077,-0.137152,0.963698,0.665482,-0.804453,0.836469>}
object{ petiole_ matrix <-0.658738,-0.702653,0.268966,-0.679484,0.402106,-0.613688,0.323057,-0.587018,-0.742324,0.561315,-0.826500,0.808570>}
object{ petiole_ matrix <-0.302949,0.093655,-0.948394,-0.920131,-0.287878,0.265492,-0.248157,0.953077,0.173387,0.457149,-0.848546,0.780671>}
object{ petiole_ matrix <-0.597623,0.383971,0.703856,-0.800461,-0.336016,-0.496342,0.045926,-0.860035,0.508165,0.352982,-0.870593,0.752772>}
object{ petiole_ matrix <-0.274559,-0.919196,-0.282304,-0.939265,0.319239,-0.125965,0.205909,0.230574,-0.951019,0.248816,-0.892640,0.724874>}
object{ petiole_ matrix <-0.533057,0.632150,-0.562350,-0.783417,-0.619801,0.045876,-0.319545,0.465009,0.825626,0.144649,-0.914687,0.696975>}
object{ petiole_ matrix <0.322311,0.389987,-0.862569,-0.642199,0.759527,0.103433,0.695482,0.520603,0.495254,0.323543,-1.041100,-0.195262>}
object{ petiole_ matrix <-0.314445,0.791486,0.524093,-0.289003,0.446070,-0.847053,-0.904213,-0.417816,0.088478,0.281102,-0.955652,-0.225484>}
object{ petiole_ matrix <-0.691953,0.013985,-0.721807,-0.072687,0.993382,0.088927,0.718274,0.113999,-0.686357,0.238661,-0.870203,-0.255707>}
object{ petiole_ matrix <0.330024,0.937258,-0.112388,-0.907485,0.282229,-0.311155,-0.259913,0.204679,0.943690,0.196220,-0.784755,-0.285929>}
object{ petiole_ matrix <-0.889920,0.204603,0.407652,-0.046846,0.848019,-0.527892,-0.453705,-0.488878,-0.745084,0.153779,-0.699307,-0.316151>}
object{ petiole_ matrix <-0.189096,0.490724,-0.850548,-0.429470,0.737609,0.521045,0.883062,0.463813,0.071272,0.111338,-0.613859,-0.346373>}
object{ petiole_ matrix <-0.069388,0.942189,0.327819,-0.550095,0.237999,-0.800470,-0.832215,-0.235875,0.501779,0.068897,-0.528410,-0.376596>}
object{ petiole_ matrix <-0.920794,0.215893,-0.324851,0.264343,0.957818,-0.112725,0.286811,-0.189669,-0.939023,0.026456,-0.442962,-0.406818>}
object{ petiole_ matrix <0.352042,-0.125936,0.927473,-0.882397,-0.375128,0.283996,0.312156,-0.918379,-0.243186,0.323543,-1.041100,-0.195262>}
object{ petiole_ matrix <-0.728656,-0.678241,-0.095134,-0.273816,0.161172,0.948182,-0.627762,0.716947,-0.303152,0.235387,-1.089250,-0.126584>}
object{ petiole_ matrix <-0.459883,0.693631,0.554422,-0.596277,-0.703879,0.386016,0.657999,-0.153067,0.737298,0.147231,-1.137400,-0.057906>}
object{ petiole_ matrix <0.115678,-0.854504,0.506401,-0.935101,0.078244,0.345636,-0.334970,-0.513518,-0.789996,0.059075,-1.185550,0.010772>}
object{ petiole_ matrix <-0.977108,-0.022656,-0.211534,-0.175444,-0.476580,0.861447,-0.120330,0.878839,0.461695,-0.029080,-1.233700,0.079451>}
object{ petiole_ matrix <0.188876,0.374829,0.907650,-0.787968,-0.493740,0.367869,0.586031,-0.784681,0.202098,-0.117236,-1.281850,0.148129>}
object{ petiole_ matrix <-0.400298,-0.914534,0.058213,-0.617982,0.316309,0.719755,-0.676654,0.252142,-0.691783,-0.205392,-1.330000,0.216807>}
object{ petiole_ matrix <-0.796741,0.598978,0.080180,-0.452319,-0.679057,0.578178,0.400763,0.424391,0.811962,-0.293548,-1.378150,0.285485>}
object{ petiole_ matrix <-0.285365,0.087143,-0.954449,-0.900343,0.317016,0.298133,0.328555,0.944408,-0.012007,0.708617,-0.339186,1.544890>}
object{ petiole_ matrix <-0.306285,0.761529,0.571194,-0.931789,-0.117028,-0.343619,-0.194830,-0.637477,0.745429,0.619059,-0.307988,1.548163>}
object{ petiole_ matrix <-0.897382,-0.440937,0.016751,-0.440294,0.897286,0.031929,-0.029109,0.021277,-0.999350,0.529501,-0.276789,1.551436>}
object{ petiole_ matrix <-0.212512,0.815753,-0.537946,-0.949806,-0.043100,0.309856,0.229581,0.576792,0.783966,0.439943,-0.245591,1.554709>}
object{ petiole_ matrix <-0.347233,-0.021170,0.937540,-0.877708,0.359398,-0.316958,-0.330240,-0.932944,-0.143376,0.350385,-0.214392,1.557981>}
object{ petiole_ matrix <-0.769501,-0.129935,-0.625287,-0.579557,0.553383,0.598231,0.268292,0.822730,-0.501134,0.260827,-0.183194,1.561254>}
object{ petiole_ matrix <-0.127946,0.947432,0.293262,-0.989231,-0.100720,-0.106192,-0.071072,-0.303691,0.950116,0.171269,-0.151995,1.564527>}
object{ petiole_ matrix <-0.725869,-0.523540,0.446116,-0.659903,0.713002,-0.236975,-0.194016,-0.466406,-0.863031,0.081711,-0.120797,1.567800>}
object{ petiole_ matrix <-0.760550,0.474401,0.443291,0.540005,0.841255,0.026188,-0.360497,0.259297,-0.895995,1.760350,2.835800,0.442518>}
object{ petiole_ matrix <0.480810,0.633630,-0.606081,-0.174388,0.746518,0.642106,0.859308,-0.203038,0.469431,1.770536,2.937440,0.467834>}
object{ petiole_ matrix <0.169200,0.003032,0.985577,0.055252,0.998394,-0.012557,-0.984032,0.056579,0.168761,1.780721,3.039080,0.493150>}
object{ petiole_ matrix <-0.437987,0.892181,-0.110360,0.728361,0.424132,0.538147,0.526932,0.155320,-0.835594,1.790907,3.140720,0.518466>}
object{ petiole_ matrix <0.854301,0.518533,-0.035968,-0.481859,0.816023,0.319247,0.194891,-0.255402,0.946989,1.801093,3.242360,0.543782>}
object{ petiole_ matrix <-0.436029,0.162060,0.885221,0.253437,0.965953,-0.052006,-0.863510,0.201672,-0.462255,1.811279,3.344000,0.569098>}
object{ petiole_ matrix <-0.049882,0.707482,-0.704969,0.141919,0.703706,0.696173,0.988621,-0.065322,-0.135507,1.821464,3.445640,0.594414>}
object{ petiole_ matrix <0.688902,0.082114,0.720188,-0.129929,0.991460,0.011241,-0.713114,-0.101317,0.693688,1.831650,3.547280,0.619730>}
object{ petiole_ matrix <-0.153272,-0.687262,-0.710055,0.535641,-0.661610,0.524749,-0.830420,-0.299905,0.469532,2.667870,1.110320,2.401640>}
object{ petiole_ matrix <0.037326,-0.722808,0.690041,0.297740,-0.651116,-0.698140,0.953917,0.231511,0.190905,2.689894,1.029840,2.389187>}
object{ petiole_ matrix <0.758676,-0.417639,-0.499988,-0.333459,-0.908269,0.252689,-0.559656,-0.024984,-0.828348,2.711919,0.949360,2.376734>}
object{ petiole_ matrix <-0.445027,-0.882898,-0.149809,0.895316,-0.442202,-0.053542,-0.018974,-0.157954,0.987264,2.733943,0.868880,2.364281>}
object{ petiole_ matrix <0.655450,-0.497938,0.567841,-0.130004,-0.815035,-0.564639,0.743965,0.296271,-0.598949,2.755967,0.788399,2.351829>}
object{ petiole_ matrix <0.212937,-0.578949,-0.787068,0.154964,-0.775335,0.612243,-0.964699,-0.252337,-0.075381,2.777991,0.707919,2.339376>}
object{ petiole_ matrix <-0.332438,-0.800950,0.497960,0.579302,-0.590062,-0.562349,0.744240,0.101523,0.660151,2.800016,0.627439,2.326923>}
object{ petiole_ matrix <0.997911,0.020561,-0.061243,0.012023,-0.990548,-0.136639,-0.063474,0.135617,-0.988726,2.822040,0.546959,2.314470>}
object{ petiole_ matrix <-0.269847,0.431267,0.860925,0.639558,0.748660,-0.174567,-0.719825,0.503505,-0.477844,1.915290,3.089170,3.978670>}
object{ petiole_ matrix <0.301267,0.823143,-0.481324,0.292034,0.400871,0.868342,0.907719,-0.402166,-0.119617,1.996984,3.257430,4.032901>}
object{ petiole_ matrix <0.743543,0.044531,0.667204,0.024662,0.995275,-0.093910,-0.668234,0.086281,0.738931,2.078679,3.425690,4.087133>}
object{ petiole_ matrix <-0.365868,0.916584,0.161290,0.917030,0.325493,0.230456,0.158733,0.232225,-0.959623,2.160373,3.593950,4.141364>}
object{ petiole_ matrix <0.791341,0.553050,-0.260603,-0.242585,0.675306,0.696501,0.561187,-0.487952,0.668560,2.242067,3.762210,4.195596>}
object{ petiole_ matrix <-0.124456,-0.006018,0.992207,0.457835,0.886816,0.062807,-0.880283,0.462083,-0.107614,2.323761,3.930470,4.249827>}
object{ petiole_ matrix <-0.372510,0.676855,-0.634904,0.530340,0.716686,0.452880,0.761561,-0.168012,-0.625937,2.405456,4.098730,4.304059>}
object{ petiole_ matrix <0.932976,0.191468,0.304789,-0.233616,0.966303,0.108081,-0.273825,-0.172040,0.946267,2.487150,4.266990,4.358290>}
object{ petiole_ matrix <0.616157,-0.311576,-0.723375,0.590624,-0.424825,0.686066,-0.521070,-0.849967,-0.077735,2.028580,3.064690,0.629911>}
object{ petiole_ matrix <0.280027,-0.813889,0.509087,0.928900,0.095850,-0.357712,0.242342,0.573060,0.782862,2.191976,2.962291,0.654287>}
object{ petiole_ matrix <0.936088,0.291104,0.197477,0.298120,-0.954509,-0.006103,0.186717,0.064585,-0.980288,2.355371,2.859893,0.678663>}
object{ petiole_ matrix <0.154745,-0.808038,-0.568444,0.875284,-0.154711,0.458195,-0.458184,-0.568453,0.683322,2.518767,2.757494,0.703039>}
object{ petiole_ matrix <0.120168,-0.031241,0.992262,0.836438,-0.535175,-0.118146,0.534725,0.844163,-0.038180,2.682163,2.655096,0.727414>}
object{ petiole_ matrix <0.739505,0.323246,-0.590462,0.606459,-0.700592,0.376003,-0.292131,-0.636146,-0.714127,2.845559,2.552697,0.751790>}
object{ petiole_ matrix <0.075013,-0.996924,0.022699,0.987280,0.077449,0.138851,-0.140182,0.011995,0.990053,3.008954,2.450299,0.776166>}
object{ petiole_ matrix <0.687150,0.310050,0.657035,0.575340,-0.784460,-0.231530,0.443632,0.537114,-0.717426,3.172350,2.347900,0.800542>}
object{ petiole_ matrix <0.073917,0.508947,-0.857618,-0.217294,0.847528,0.484231,0.973303,0.150563,0.173238,0.252524,3.250360,-0.884292>}
object{ petiole_ matrix <0.357837,0.737998,0.572112,-0.513237,0.667279,-0.539747,-0.780090,-0.100487,0.617545,0.229779,3.402054,-0.888340>}
object{ petiole_ matrix <-0.949810,0.307270,-0.058709,0.307813,0.951447,-0.000216,0.055792,-0.018277,-0.998275,0.207033,3.553749,-0.892389>}
object{ petiole_ matrix <0.678557,0.463293,-0.570018,-0.432061,0.879310,0.200344,0.594041,0.110338,0.796832,0.184288,3.705443,-0.896437>}
object{ petiole_ matrix <-0.191502,0.612995,0.766527,-0.038797,0.775644,-0.629978,-0.980725,-0.150381,-0.124755,0.161543,3.857137,-0.900486>}
object{ petiole_ matrix <-0.607908,0.394459,-0.689094,0.178380,0.913531,0.365571,0.773711,0.099313,-0.625706,0.138797,4.008831,-0.904534>}
object{ petiole_ matrix <0.753289,0.630766,0.186252,-0.615062,0.775921,-0.140164,-0.232928,-0.008973,0.972453,0.116052,4.160526,-0.908583>}
object{ petiole_ matrix <-0.774660,0.556050,0.301182,0.477836,0.826658,-0.297170,-0.414216,-0.086290,-0.906079,0.093307,4.312220,-0.912631>}
object{ petiole_ matrix <0.102569,-0.115180,-0.988035,0.984632,-0.129384,0.117298,-0.141346,-0.984883,0.100139,2.959450,1.174750,2.398650>}
object{ petiole_ matrix <0.759408,-0.635417,0.139803,0.412950,0.304695,-0.858274,0.502764,0.709511,0.493783,3.183223,1.126516,2.240114>}
object{ petiole_ matrix <0.609418,0.542175,-0.578495,0.525298,-0.822625,-0.217600,-0.593862,-0.171273,-0.786126,3.406996,1.078282,2.081579>}
object{ petiole_ matrix <0.200541,-0.701807,-0.683557,0.903140,0.402809,-0.148601,0.379632,-0.587547,0.714610,3.630769,1.030048,1.923043>}
object{ petiole_ matrix <0.957944,0.004211,0.286925,0.280729,-0.220918,-0.934016,0.059454,0.975283,-0.212809,3.854541,0.981813,1.764507>}
object{ petiole_ matrix <0.070043,0.445966,-0.892305,0.881103,-0.447055,-0.154271,-0.467709,-0.775407,-0.424255,4.078314,0.933579,1.605971>}
object{ petiole_ matrix <0.290154,-0.952094,-0.096581,0.754008,0.289594,-0.589582,0.589306,0.098247,0.801914,4.302087,0.885345,1.447436>}
object{ petiole_ matrix <0.771386,0.593333,0.230042,0.548288,-0.436180,-0.713532,-0.323022,0.676538,-0.661780,4.525860,0.837111,1.288900>}
object{ petiole_ matrix <-0.699982,0.397568,0.593267,0.674535,0.640920,0.366367,-0.234581,0.656629,-0.716805,2.450880,2.095980,4.394580>}
object{ petiole_ matrix <0.645206,0.587242,-0.488728,0.031393,0.618771,0.784944,0.763363,-0.521793,0.380800,2.474121,2.181810,4.465599>}
object{ petiole_ matrix <0.127578,-0.184292,0.974556,0.162356,0.973212,0.162784,-0.978450,0.137457,0.154081,2.497363,2.267640,4.536617>}
object{ petiole_ matrix <-0.529597,0.800078,-0.281783,0.394036,0.526219,0.753544,0.751174,0.288042,-0.593943,2.520604,2.353470,4.607636>}
object{ petiole_ matrix <0.886152,0.312414,0.342247,-0.456200,0.717804,0.525965,-0.081347,-0.622217,0.778607,2.543846,2.439300,4.678654>}
object{ petiole_ matrix <-0.408743,0.273143,0.870817,0.638683,0.767194,0.059143,-0.651931,0.580350,-0.488037,2.567087,2.525130,4.749673>}
object{ petiole_ matrix <0.257034,0.887639,-0.382140,0.091343,0.371340,0.923993,0.962076,-0.272403,0.014367,2.590329,2.610960,4.820691>}
object{ petiole_ matrix <0.532561,-0.115545,0.838468,-0.102502,0.974542,0.199402,-0.840162,-0.192138,0.507160,2.613570,2.696790,4.891710>}
object{ petiole_ matrix <0.913096,0.254914,-0.318236,-0.401221,0.422670,-0.812633,-0.072642,0.869695,0.488215,-0.434222,3.648360,0.333916>}
object{ petiole_ matrix <-0.759173,0.644802,-0.088810,0.370625,0.316075,-0.873346,-0.535065,-0.695936,-0.478936,-0.419544,3.704963,0.235269>}
object{ petiole_ matrix <0.291755,-0.542773,-0.787576,-0.002682,0.822932,-0.568133,0.956489,0.167868,0.238639,-0.404866,3.761566,0.136622>}
object{ petiole_ matrix <0.366345,0.911619,-0.186391,-0.149612,-0.140000,-0.978783,-0.918372,0.386459,0.085101,-0.390188,3.818169,0.037975>}
object{ petiole_ matrix <-0.788441,-0.021898,-0.614721,0.502636,0.553128,-0.664385,0.354567,-0.832809,-0.425102,-0.375511,3.874771,-0.060672>}
object{ petiole_ matrix <0.630281,0.107095,-0.768945,-0.615021,0.673330,-0.410335,0.473809,0.731544,0.490253,-0.360833,3.931374,-0.159319>}
object{ petiole_ matrix <-0.063120,0.962945,-0.262209,0.238123,-0.240613,-0.940958,-0.969182,-0.121831,-0.214112,-0.346155,3.987977,-0.257966>}
object{ petiole_ matrix <-0.173736,-0.134614,-0.975548,0.390983,0.899766,-0.193787,0.903852,-0.415091,-0.103690,-0.331477,4.044580,-0.356613>}
object{ petiole_ matrix <-0.190436,-0.178573,-0.965321,0.954604,-0.263117,-0.139648,-0.229055,-0.948093,0.220574,-0.847713,2.393510,-3.161350>}
object{ petiole_ matrix <0.716268,-0.636926,0.285107,0.372616,0.003642,-0.927979,0.590016,0.770916,0.239937,-0.782171,2.362991,-3.224466>}
object{ petiole_ matrix <0.462651,0.589732,-0.661944,0.511059,-0.787524,-0.344418,-0.724411,-0.178947,-0.665737,-0.716628,2.332473,-3.287581>}
object{ petiole_ matrix <-0.324606,-0.848612,-0.417719,0.832313,-0.046483,-0.552353,0.449316,-0.526970,0.721400,-0.651086,2.301954,-3.350697>}
object{ petiole_ matrix <0.996244,-0.020566,0.084112,0.069280,-0.393396,-0.916755,0.051943,0.919139,-0.390494,-0.585543,2.271436,-3.413813>}
object{ petiole_ matrix <-0.088041,0.179739,-0.979767,0.858204,-0.485654,-0.166211,-0.505702,-0.855473,-0.111495,-0.520001,2.240917,-3.476929>}
object{ petiole_ matrix <0.458781,-0.884435,0.085407,0.517297,0.187706,-0.834967,0.722443,0.427247,0.543632,-0.454458,2.210399,-3.540044>}
object{ petiole_ matrix <0.716389,0.653502,-0.244379,0.408251,-0.676672,-0.612737,-0.565789,0.339190,-0.751553,-0.388916,2.179880,-3.603160>}
object{ petiole_ matrix <-0.188639,0.019555,0.981852,0.981766,0.027656,0.188072,-0.023476,0.999426,-0.024416,0.903188,3.728060,1.013410>}
object{ petiole_ matrix <0.665201,0.689843,-0.285700,0.528442,-0.164637,0.832853,0.527501,-0.704990,-0.474059,0.957267,3.730704,1.069653>}
object{ petiole_ matrix <0.420305,-0.736864,0.529505,0.551876,0.670804,0.495434,-0.720261,0.083987,0.688600,1.011346,3.733349,1.125896>}
object{ petiole_ matrix <-0.086910,0.758975,0.645293,0.808859,-0.324362,0.490446,0.581545,0.564575,-0.585713,1.065425,3.735993,1.182139>}
object{ petiole_ matrix <0.974678,-0.113998,0.192372,-0.164820,0.215142,0.962574,-0.151119,-0.969906,0.190905,1.119503,3.738637,1.238381>}
object{ petiole_ matrix <-0.085979,-0.398757,0.913017,0.915839,0.329149,0.229999,-0.392232,0.855952,0.336898,1.173582,3.741281,1.294624>}
object{ petiole_ matrix <0.483357,0.872978,0.065382,0.541804,-0.356980,0.760930,0.687615,-0.332377,-0.645532,1.227661,3.743926,1.350867>}
object{ petiole_ matrix <0.771736,-0.521569,0.363854,0.145919,0.702113,0.696954,-0.618976,-0.484771,0.617952,1.281740,3.746570,1.407110>}
object{ petiole_ matrix <-0.388070,-0.137335,0.911340,-0.626645,-0.685770,-0.370183,0.675809,-0.714743,0.180067,-1.522000,3.696100,1.325030>}
object{ petiole_ matrix <-0.057256,-0.841887,-0.536608,-0.945350,-0.127094,0.300267,-0.320991,0.524474,-0.788601,-1.570774,3.646709,1.312034>}
object{ petiole_ matrix <-0.920126,0.286443,-0.267055,-0.280074,-0.957941,-0.062507,-0.273728,0.017281,0.961652,-1.619549,3.597317,1.299039>}
object{ petiole_ matrix <0.013673,-0.803513,0.595130,-0.777123,-0.383065,-0.499340,0.629200,-0.455662,-0.629666,-1.668323,3.547926,1.286043>}
object{ petiole_ matrix <-0.367933,-0.343189,-0.864203,-0.594714,-0.627599,0.502429,-0.714801,0.698814,0.026815,-1.717097,3.498534,1.273047>}
object{ petiole_ matrix <-0.816476,-0.038566,0.576089,-0.337040,-0.778291,-0.529780,0.468797,-0.626718,0.622458,-1.765871,3.449143,1.260051>}
object{ petiole_ matrix <-0.110119,-0.966952,-0.229952,-0.993519,0.113650,-0.002126,0.028190,0.228228,-0.973200,-1.814646,3.399751,1.247056>}
object{ petiole_ matrix <-0.814796,-0.113278,-0.568573,-0.123749,-0.924140,0.361458,-0.566386,0.364875,0.738968,-1.863420,3.350360,1.234060>}
object{ petiole_ matrix <0.717176,0.123473,-0.685867,-0.674814,0.368807,-0.639224,0.174026,0.921269,0.347820,2.247750,3.194390,2.189620>}
object{ petiole_ matrix <-0.645145,0.733858,0.212697,-0.183009,0.121856,-0.975530,-0.741819,-0.668284,0.055688,2.219716,3.220840,2.133589>}
object{ petiole_ matrix <-0.283515,-0.744448,-0.604497,-0.338386,0.667477,-0.663302,0.897282,0.016497,-0.441150,2.191681,3.247290,2.077557>}
object{ petiole_ matrix <0.298015,0.808123,-0.508059,-0.749680,-0.131330,-0.648639,-0.590903,0.574186,0.566696,2.163647,3.273740,2.021526>}
object{ petiole_ matrix <-0.992969,0.099872,-0.063541,0.097927,0.391508,-0.914949,-0.066501,-0.914739,-0.398536,2.135613,3.300190,1.965494>}
object{ petiole_ matrix <0.066418,-0.136727,-0.988380,-0.678479,0.720125,-0.145211,0.731612,0.680239,-0.044937,2.107579,3.326640,1.909463>}
object{ petiole_ matrix <-0.156328,0.955566,-0.249910,-0.406750,-0.292853,-0.865327,-0.900064,-0.033624,0.434458,2.079544,3.353090,1.853431>}
object{ petiole_ matrix <-0.857313,-0.269897,-0.438372,0.139273,0.698190,-0.702235,0.495598,-0.663088,-0.560978,2.051510,3.379540,1.797400>}
object{ petiole_ matrix <-0.039897,0.326761,-0.944264,-0.729307,0.636459,0.251061,0.683022,0.698675,0.212916,1.564730,3.552850,2.675100>}
object{ petiole_ matrix <-0.396647,0.863621,0.311175,-0.595327,0.016025,-0.803324,-0.698754,-0.503887,0.507780,1.507936,3.613767,2.657396>}
object{ petiole_ matrix <-0.824391,-0.525812,-0.209528,-0.499848,0.849982,-0.166379,0.265579,-0.032429,-0.963544,1.451141,3.674684,2.639691>}
object{ petiole_ matrix <-0.100569,0.834759,-0.541353,-0.935236,0.106319,0.337684,0.339441,0.540253,0.770004,1.394347,3.735601,2.621987>}
object{ petiole_ matrix <-0.712268,0.565398,0.415932,-0.167641,0.438394,-0.883010,-0.681594,-0.698667,-0.217470,1.337553,3.796519,2.604283>}
object{ petiole_ matrix <-0.497084,-0.057709,-0.865781,-0.490920,0.841441,0.225773,0.715475,0.537258,-0.446598,1.280759,3.857436,2.586579>}
object{ petiole_ matrix <0.216246,0.935330,0.279991,-0.868313,0.315360,-0.382858,-0.446397,-0.160329,0.880355,1.223964,3.918353,2.568874>}
object{ petiole_ matrix <-0.980236,-0.073821,0.183541,-0.139476,0.915838,-0.376545,-0.140297,-0.394703,-0.908034,1.167170,3.979270,2.551170>}
object{ petiole_ matrix <0.153348,0.035042,0.987551,0.983193,0.094792,-0.156035,-0.099080,0.994880,-0.019917,4.554370,1.467760,4.595940>}
object{ petiole_ matrix <0.343162,0.740560,-0.577764,0.914769,-0.123907,0.384505,0.213160,-0.660468,-0.719961,4.623859,1.474960,4.609909>}
object{ petiole_ matrix <0.718714,-0.669450,0.187850,0.665186,0.740667,0.094549,-0.202430,0.057002,0.977636,4.693347,1.482160,4.623877>}
object{ petiole_ matrix <0.427367,0.670939,0.605968,0.899768,-0.381018,-0.212703,0.088174,0.636133,-0.766525,4.762836,1.489360,4.637846>}
object{ petiole_ matrix <0.812323,-0.029648,-0.582454,0.578758,0.164127,0.798813,0.071913,-0.985994,0.150483,4.832324,1.496560,4.651814>}
object{ petiole_ matrix <0.489403,-0.370673,0.789358,0.851192,0.399866,-0.339968,-0.189621,0.838277,0.511210,4.901813,1.503760,4.665783>}
object{ petiole_ matrix <0.709659,0.699640,-0.082995,0.669707,-0.633285,0.387869,0.218809,-0.330837,-0.917970,4.971301,1.510960,4.679751>}
object{ petiole_ matrix <0.717633,-0.667828,-0.197506,0.682628,0.618373,0.389402,-0.137922,-0.414271,0.899643,5.040790,1.518160,4.693720>}
object{ petiole_ matrix <-0.484378,0.031738,0.874283,0.874417,0.049319,0.482662,-0.027800,0.998279,-0.051641,4.554370,1.467760,4.595940>}
object{ petiole_ matrix <0.821573,0.516489,0.241365,-0.058531,-0.344718,0.936880,0.567091,-0.783842,-0.252981,4.590689,1.472261,4.663406>}
object{ petiole_ matrix <0.321968,-0.651806,0.686648,0.347690,0.755995,0.554602,-0.880595,0.060176,0.470033,4.627007,1.476763,4.730871>}
object{ petiole_ matrix <-0.370603,0.730534,0.573563,0.658056,-0.229271,0.717215,0.655451,0.643238,-0.395764,4.663326,1.481264,4.798337>}
object{ petiole_ matrix <0.992034,-0.011128,0.125474,-0.124200,0.079840,0.989040,-0.021024,-0.996746,0.077822,4.699644,1.485766,4.865803>}
object{ petiole_ matrix <-0.113386,-0.439968,0.890827,0.778158,0.518149,0.354953,-0.617749,0.733451,0.283613,4.735963,1.490267,4.933269>}
object{ petiole_ matrix <0.339094,0.904811,0.257550,0.360808,-0.377919,0.852640,0.868811,-0.196199,-0.454613,4.772281,1.494769,5.000734>}
object{ petiole_ matrix <0.660819,-0.547995,0.512855,-0.014813,0.673654,0.738899,-0.750399,-0.495875,0.437045,4.808600,1.499270,5.068200>}
object{ petiole_ matrix <0.777622,-0.052977,0.626496,-0.628607,-0.045650,0.776382,-0.012531,-0.997552,-0.068800,1.500540,3.982330,0.781918>}
object{ petiole_ matrix <-0.551881,-0.516243,0.654920,0.612599,0.281889,0.738418,-0.565819,0.808722,0.160681,1.522704,3.973659,0.903611>}
object{ petiole_ matrix <0.276802,0.545514,0.791072,-0.063773,-0.810995,0.581567,0.958808,-0.211428,-0.189696,1.544869,3.964987,1.025304>}
object{ petiole_ matrix <0.529831,-0.755740,0.384885,-0.117008,0.384342,0.915746,-0.839993,-0.530225,0.115208,1.567033,3.956316,1.146997>}
object{ petiole_ matrix <-0.669323,0.139804,0.729699,0.705673,-0.187649,0.683237,0.232447,0.972236,0.026942,1.589197,3.947644,1.268691>}
object{ petiole_ matrix <0.771462,0.350033,0.531341,-0.402581,-0.378146,0.833627,0.492721,-0.857019,-0.150809,1.611361,3.938973,1.390384>}
object{ petiole_ matrix <-0.168808,-0.733811,0.658046,0.391000,0.562995,0.728118,-0.904778,0.380208,0.191882,1.633526,3.930301,1.512077>}
object{ petiole_ matrix <-0.314747,0.771710,0.552628,0.349027,-0.447330,0.823454,0.882675,0.452062,-0.128551,1.655690,3.921630,1.633770>}
object{ petiole_ matrix <0.816942,0.501675,0.284479,-0.423581,0.856695,-0.294367,-0.391388,0.119981,0.912371,2.180890,6.449890,-1.673300>}
object{ petiole_ matrix <-0.595906,0.792607,0.129109,0.735288,0.603163,-0.309105,-0.322872,-0.089265,-0.942224,2.186041,6.558011,-1.685309>}
object{ petiole_ matrix <0.464494,0.195912,-0.863634,-0.102591,0.980561,0.167260,0.879614,0.010910,0.475564,2.191193,6.666133,-1.697317>}
object{ petiole_ matrix <0.282985,0.758581,0.586920,-0.212365,0.646301,-0.732937,-0.935319,0.082768,0.343989,2.196344,6.774254,-1.709326>}
object{ petiole_ matrix <-0.673138,0.592552,-0.442455,0.571184,0.796615,0.197873,0.469716,-0.119527,-0.874688,2.201496,6.882376,-1.721334>}
object{ petiole_ matrix <0.859229,0.406888,-0.310109,-0.414707,0.908913,0.043525,0.299572,0.091206,0.949704,2.206647,6.990497,-1.733343>}
object{ petiole_ matrix <-0.393961,0.741185,0.543543,0.406333,0.670888,-0.620324,-0.824432,-0.023525,-0.565472,2.211799,7.098619,-1.745351>}
object{ petiole_ matrix <-0.079364,0.325384,-0.942246,0.089273,0.943749,0.318384,0.992840,-0.058849,-0.103947,2.216950,7.206740,-1.757360>}
object{ petiole_ matrix <-0.782216,0.473057,0.405407,0.614190,0.476448,0.629101,0.104445,0.741090,-0.663232,-2.309230,4.460790,1.371600>}
object{ petiole_ matrix <0.401080,0.828871,0.390010,-0.717424,0.019492,0.696364,0.569594,-0.559100,0.602470,-2.327640,4.568007,1.488504>}
object{ petiole_ matrix <-0.161090,-0.384231,0.909075,-0.051560,0.923123,0.381032,-0.985592,0.014509,-0.168517,-2.346050,4.675224,1.605409>}
object{ petiole_ matrix <-0.523160,0.850545,0.053646,0.317574,0.136148,0.938409,0.790855,0.507974,-0.341338,-2.364460,4.782441,1.722313>}
object{ petiole_ matrix <0.805427,0.177235,0.565576,-0.523238,0.660858,0.538041,-0.278406,-0.729283,0.625009,-2.382870,4.889659,1.839217>}
object{ petiole_ matrix <-0.860135,0.062069,0.506275,0.377795,0.744392,0.550592,-0.342692,0.664852,-0.663727,-2.401280,4.996876,1.956121>}
object{ petiole_ matrix <0.357145,0.931343,0.071051,-0.443881,0.102302,0.890227,0.821838,-0.349479,0.449942,-2.419690,5.104093,2.073026>}
object{ petiole_ matrix <0.049661,-0.247090,0.967719,-0.168240,0.953000,0.251965,-0.984494,-0.175322,0.005757,-2.438100,5.211310,2.189930>}
object{ petiole_ matrix <0.439495,0.137850,-0.887604,-0.890442,0.196824,-0.410333,0.118138,0.970700,0.209251,-2.508530,2.311010,0.391146>}
object{ petiole_ matrix <-0.686174,0.726111,-0.043913,-0.127439,-0.179425,-0.975482,-0.716188,-0.663754,0.215652,-2.580066,2.347030,0.264439>}
object{ petiole_ matrix <-0.279577,-0.817995,-0.502714,-0.403406,0.575212,-0.711614,0.871264,0.003847,-0.490800,-2.651601,2.383050,0.137732>}
object{ petiole_ matrix <0.272996,0.688928,-0.671454,-0.804398,-0.219355,-0.552112,-0.527652,0.690841,0.494290,-2.723137,2.419070,0.011025>}
object{ petiole_ matrix <-0.989174,0.130059,0.067971,-0.040438,0.203673,-0.978204,-0.141068,-0.970362,-0.196208,-2.794673,2.455090,-0.115683>}
object{ petiole_ matrix <-0.100331,-0.245107,-0.964291,-0.667022,0.735698,-0.117601,0.738252,0.631404,-0.237305,-2.866209,2.491110,-0.242390>}
object{ petiole_ matrix <-0.020895,0.958528,-0.284230,-0.532733,-0.251245,-0.808128,-0.846025,0.134533,0.515890,-2.937744,2.527130,-0.369097>}
object{ petiole_ matrix <-0.823167,-0.144805,-0.549024,0.350459,0.631197,-0.691931,0.446737,-0.761986,-0.468832,-3.009280,2.563150,-0.495804>}
object{ petiole_ matrix <-0.438464,0.178161,-0.880913,-0.839914,0.267576,0.472173,0.319834,0.946922,0.032317,-3.612160,1.713830,0.878779>}
object{ petiole_ matrix <-0.034036,0.758428,0.650868,-0.956996,0.162998,-0.239980,-0.288097,-0.631046,0.720265,-3.677453,1.736109,0.872182>}
object{ petiole_ matrix <-0.838366,-0.529538,-0.129348,-0.532028,0.846549,-0.017362,0.118694,0.054261,-0.991447,-3.742746,1.758387,0.865584>}
object{ petiole_ matrix <-0.197607,0.835237,-0.513158,-0.975279,-0.114694,0.188879,0.098902,0.537797,0.837253,-3.808039,1.780666,0.858987>}
object{ petiole_ matrix <-0.539166,-0.068950,0.839372,-0.791405,0.382362,-0.476945,-0.288059,-0.921436,-0.260724,-3.873331,1.802944,0.852389>}
object{ petiole_ matrix <-0.246280,-0.453187,-0.856719,-0.913746,0.403278,0.049348,0.323132,0.794977,-0.513418,-3.938624,1.825223,0.845792>}
object{ petiole_ matrix <-0.410327,0.890224,0.197822,-0.890612,-0.344550,-0.296811,-0.196068,-0.297972,0.934221,-4.003917,1.847501,0.839194>}
object{ petiole_ matrix <-0.772463,-0.520567,0.363746,-0.630101,0.699692,-0.336754,-0.079207,-0.489327,-0.868496,-4.069210,1.869780,0.832597>}
object{ petiole_ matrix <-0.925570,0.320158,0.202036,0.376981,0.828382,0.414328,-0.034713,0.459654,-0.887419,3.719760,4.388830,-1.587770>}
object{ petiole_ matrix <0.691713,0.667102,-0.276599,-0.355810,0.648110,0.673315,0.628436,-0.367324,0.685668,3.721279,4.463894,-1.548949>}
object{ petiole_ matrix <-0.163143,-0.015836,0.986475,0.099025,0.994559,0.032342,-0.981620,0.102962,-0.160687,3.722797,4.538959,-1.510127>}
object{ petiole_ matrix <-0.469792,0.800353,-0.372465,0.315813,0.546376,0.775716,0.824353,0.246796,-0.509445,3.724316,4.614023,-1.471306>}
object{ petiole_ matrix <0.860093,0.250884,0.444180,-0.404104,0.866491,0.293075,-0.311351,-0.431567,0.846647,3.725834,4.689087,-1.432484>}
object{ petiole_ matrix <-0.648518,0.466134,0.601784,0.623819,0.778495,0.069253,-0.436205,0.420316,-0.795651,3.727353,4.764151,-1.393663>}
object{ petiole_ matrix <0.303454,0.777114,-0.551371,-0.129643,0.606949,0.784095,0.943985,-0.166455,0.284928,3.728871,4.839216,-1.354841>}
object{ petiole_ matrix <0.270135,-0.054253,0.961293,-0.097678,0.991716,0.083419,-0.957855,-0.116432,0.262598,3.730390,4.914280,-1.316020>}
object{ petiole_ matrix <0.079000,0.492495,-0.866723,-0.863432,0.468353,0.187431,0.498241,0.733549,0.462236,2.414550,3.498280,-2.931890>}
object{ petiole_ matrix <-0.340129,0.816613,0.466322,-0.424015,0.309438,-0.851152,-0.839359,-0.487229,0.241007,2.349294,3.580751,-2.992430>}
object{ petiole_ matrix <-0.631052,-0.398660,-0.665465,-0.311111,0.915896,-0.253663,0.710622,0.046959,-0.702005,2.284039,3.663223,-3.052970>}
object{ petiole_ matrix <0.333934,0.859991,-0.385880,-0.919363,0.206827,-0.334656,-0.207991,0.466516,0.859711,2.218783,3.745694,-3.113510>}
object{ petiole_ matrix <-0.935019,0.162003,0.315427,-0.125601,0.680555,-0.721851,-0.331607,-0.714562,-0.615985,2.153527,3.828166,-3.174050>}
object{ petiole_ matrix <0.016703,0.069213,-0.997462,-0.647446,0.760955,0.041960,0.761928,0.645102,0.057522,2.088271,3.910637,-3.234590>}
object{ petiole_ matrix <-0.011662,0.912398,0.409137,-0.587813,0.324746,-0.740956,-0.808913,-0.249137,0.532532,2.023016,3.993109,-3.295130>}
object{ petiole_ matrix <-0.880369,-0.243594,-0.406954,-0.102343,0.935384,-0.338500,0.463115,-0.256356,-0.848414,1.957760,4.075580,-3.355670>}
object{ petiole_ matrix <0.909468,0.322207,-0.262776,-0.395702,0.476769,-0.784928,-0.127626,0.817847,0.561104,-0.459715,3.591080,-2.164260>}
object{ petiole_ matrix <-0.299191,0.808277,-0.507123,0.734437,-0.144226,-0.663175,-0.609170,-0.570866,-0.550477,-0.447095,3.631116,-2.219744>}
object{ petiole_ matrix <0.205466,-0.403408,-0.891653,0.087951,0.915017,-0.393711,0.974704,0.002473,0.223485,-0.434475,3.671151,-2.275229>}
object{ petiole_ matrix <0.656691,0.751565,0.062507,-0.171213,0.229291,-0.958181,-0.734468,0.618527,0.279251,-0.421855,3.711187,-2.330713>}
object{ petiole_ matrix <-0.814341,0.190530,-0.548221,0.552306,0.544652,-0.631119,0.178342,-0.816733,-0.548764,-0.409234,3.751223,-2.386197>}
object{ petiole_ matrix <0.833306,-0.045615,-0.550927,-0.349817,0.728167,-0.589407,0.428052,0.683880,0.590829,-0.396614,3.791259,-2.441681>}
object{ petiole_ matrix <-0.116790,0.964148,-0.238284,0.385274,-0.177155,-0.905638,-0.915382,-0.197574,-0.350771,-0.383994,3.831294,-2.497166>}
object{ petiole_ matrix <-0.303052,-0.305570,-0.902655,0.377863,0.831027,-0.408183,0.874860,-0.464781,-0.136380,-0.371374,3.871330,-2.552650>}
object{ petiole_ matrix <0.784326,0.406902,0.468255,-0.071706,0.809232,-0.583096,-0.616191,0.423761,0.663879,1.464000,4.700960,-2.159340>}
object{ petiole_ matrix <-0.675588,0.702020,-0.225275,0.737100,0.636374,-0.227401,-0.016281,-0.319679,-0.947386,1.514761,4.860451,-2.214030>}
object{ petiole_ matrix <0.742460,0.341158,-0.576510,-0.327225,0.935644,0.132264,0.584531,0.090448,0.806314,1.565523,5.019943,-2.268720>}
object{ petiole_ matrix <0.097613,0.790023,0.605256,0.281508,0.561406,-0.778188,-0.954581,0.246346,-0.167597,1.616284,5.179434,-2.323410>}
object{ petiole_ matrix <-0.079977,0.705689,-0.703994,0.644877,0.575174,0.503298,0.760091,-0.413737,-0.501083,1.667046,5.338926,-2.378100>}
object{ petiole_ matrix <0.942315,0.334711,-0.003290,-0.311106,0.872148,-0.377585,-0.123513,0.356827,0.925969,1.717807,5.498417,-2.432790>}
object{ petiole_ matrix <-0.526707,0.825868,0.201298,0.673278,0.549873,-0.494303,-0.518918,-0.124823,-0.845662,1.768569,5.657909,-2.487480>}
object{ petiole_ matrix <0.445860,0.188062,-0.875124,0.041206,0.972331,0.229945,0.894154,-0.138584,0.425774,1.819330,5.817400,-2.542170>}
object{ petiole_ matrix <-0.129261,-0.318234,0.939159,-0.620672,-0.712667,-0.326913,0.773342,-0.625166,-0.105398,-1.457650,2.210300,-3.930140>}
object{ petiole_ matrix <0.155594,-0.739999,-0.654364,-0.757902,-0.514282,0.401371,-0.633542,0.433493,-0.640866,-1.500563,2.156230,-3.924291>}
object{ petiole_ matrix <-0.973326,0.224645,0.046603,-0.221075,-0.972648,0.071292,0.061344,0.059088,0.996366,-1.543476,2.102160,-3.918443>}
object{ petiole_ matrix <0.352540,-0.754945,0.552968,-0.843700,-0.512045,-0.161182,0.404828,-0.409716,-0.817464,-1.586389,2.048090,-3.912594>}
object{ petiole_ matrix <-0.502446,-0.293338,-0.813327,-0.433775,-0.728211,0.530611,-0.747922,0.619404,0.238644,-1.629301,1.994020,-3.906746>}
